0: 70 74 104 154 160 212 221 222 337
1: 16 38 77 245 248 252 317 365 436 455
2: 132 311 365 375 402 454
3: 20 38 57 61 63 78 100 109 164 169 299 364 376 381 407 452
4: 12 17 62 83 89 123 291 338 433
5: 29 45 71 132 230 282 340 347 398 404 447
6: 64 93 108 111 224 264 302 304 325 334 356 360 454 474
7: 13 122 245 327 363 374 394
8: 63 141 203 213 220 256 299 306 307 360 406 433 444 470 493
9: 170 232 246 277 315 385 434 452
10: 24 65 95 107 118 204 209 274 281 329 410 454
11: 33 86 97 154 240 359 457 469 476 498
12: 17 67 174 261 281 333 375 394 399 401 415 472
13: 115 186 244 286 329 445
14: 22 113 189 198 265 279 288 380 388 414 417
15: 9 29 59 99 128 269 274 284 434 473 476
16: 5 31 56 71 102 311 323 383 467 479
17: 319 445 448 469
18: 42 64 65 141 159 195 278 321 334 455 481
19: 55 116 180 226 267 284 449
20: 81 103 122 158 196 213 281 395
21: 81 109 124 171 182 230 314 318
22: 66 100 106 117 173 178 180 207 227 250 267 324 403 449 493
23: 93 121 192 264 310 413
24: 54 79 137 143 258 283 433
25: 52 61 117 130 131 139 182 201 207 238 406 412 425
26: 12 52 88 164 174 229 250 287 308 329 347 471 477 480
27: 48 51 137 160 161 245 310 363 403 420
28: 21 111 139 151 204 269 369 407 486
29: 80 168 215 315 368 429 433 469 485 490 498
30: 52 82 95 206 238 291 402
31: 71 152 159 221 245 259 287 324 325 364 434
32: 22 127 266 315 361 402 473
33: 68 124 162 244 347
34: 62 133 227 242 272 283 368 385 412 463
35: 147 151 172 239 261 289 290 311 319 331 385 414 455 481
36: 7 140 146 159 178 233 244 306 404 494
37: 30 70 126 150 165 174 203 272 285 308 405 475
38: 142 177 249 331 363 427 452
39: 52 106 197 395 452 472 496
40: 129 136 247 358 425 493
41: 108 191 209 287 302 374 402 467 487
42: 132 139 148 182 225 320 325 349 354 403 435 445 482
43: 115 117 120 282 284 306 348 374 393 498
44: 62 147 228 250 254 291 378 423
45: 9 63 185 203 209 324 347 388 472
46: 77 86 201 243 261 267 332 357 416 457 494
47: 84 159 242 293 319 339 393 428 434 445 476
48: 75 78 183 225 313 317 338 364 378
49: 9 35 67 122 150 192 233 251 348 380 447
50: 19 58 188 399 409 412 467
51: 9 221 337 466
52: 5 193 196 199 231 232 308 415 416 423 459 497
53: 100 135 248 259 322 497
54: 53 61 116 126 305 337 362 419 421 483
55: 37 52 68 88 96 157 166 204 210 252 276 292 352 445
56: 55 97 140 265 271 282 365
57: 97 194 292 295 454 467 496
58: 8 21 44 126 165 167 189 293 339 354 383 404
59: 12 14 29 67 83 102 133 140 201 216 218 246 267 399 479
60: 32 35 95 96 161 189 199 275 277 314 316 340
61: 199 204 305 333 437 448 490 496
62: 108 120 138 227 234 268 287 298 311 375
63: 22 90 161 195 201 270 293 304 316 324 460
64: 2 121 130 199 203 258 273 375 411 474 477
65: 82 83 131 135 178 179 204 233 279 288 344 435 465 481
66: 75 88 169 180 247 253
67: 14 49 53 174 218 219 307 314
68: 14 26 56 91 119 150 282 312 388 469 480 483 499
69: 102 151 153 241 303 421 453
70: 54 76 277 464
71: 102 117 134 162 188 278 351
72: 140 149 318 411 444 460
73: 4 15 52 88 144 146 152 252 279 301 323 369 370 420 451 485
74: 10 30 106 115 135 152 163 197 225 247 297 335 387 397 413 440 450
75: 140 206 263 281 313 335 390 400 453 456
76: 47 125 149 239 261 349 356 366 406 415 481
77: 124 225 243 389 399 417 473
78: 120 278 297 352 367 405 465 499
79: 21 142 328 358 479
80: 67 71 320 398 479 483 486
81: 27 163 205 241 299 395 499
82: 123 176 178 221 230 288 336 339 347 364 467 477
83: 171 182 221 289 377 443 454 487
84: 8 19 29 69 93 174 232 251 260 302 306 372 409 450
85: 0 7 27 93 179 202 279 356 388 459 477 484
86: 54 89 104 109 263 321 352 397 429 454
87: 23 114 254 285 306 369 397 499
88: 54 96 104 107 128 138 178 371
89: 10 50 152 159 355 403 408 413 415 416
90: 8 162 172 250 278 335 412 441 442 474
91: 3 96
92: 1 198 200 229 245 323 423 462 471
93: 25 71 76 160 162 220 246 297 338 357 411 415 424 467
94: 59 173 228 306 399 400 482
95: 11 31 32 82 94 113 161 187 255 275 318 332 373 392 393
96: 47 138 169 255 341 346 381 388 395 402 413
97: 58 63 64 131 146 220 242 430 479
98: 38 95 117 147 207 229 344 448 451 492
99: 22 49 160 168 193 202 252 265 278 439 487 489
100: 86 103 110 169 207 335 337 356
101: 113 136 206 219 232 263 421 447 497
102: 65 128 199 323 350 351 358 454 464 487
103: 16 41 86 130 140 215 286 301 321 324 414 437 457
104: 6 38 68 147 211 229 231 286 324 339 357 439
105: 24 40 162 196 258 273 405 418
106: 41 54 118 122 125 200 323 355 385 476
107: 26 95 118 127 142 152 301 388 390 426 450
108: 34 38 48 67 110 139 142 157 183 288 306 345 420
109: 48 102 107 142 146 181 214 265 311 328 404 410 437
110: 19 141 191 222 245 262 265 290 350 357 393 463 482
111: 4 14 17 61 108 162 182 204 240 282 342 344 379
112: 105 111 243 285 325 415 427 437
113: 15 188 198 199 222 321 358
114: 80 156 159 230 279 288 323 360 410 419 424
115: 139 206 290 307 360 368 400 452
116: 119 194 310 431
117: 36 57 151 220 271 302 314 350 357 424 499
118: 44 154 161 197 209 240 259 352 353 366 464 471 480
119: 36 51 57 104 143 203 229 381 382 387 475 485
120: 7 21 38 41 53 55 107 109 381 390 425 442 448
121: 104 143 162 219 220 242 256 265 267 338 429 477
122: 66 207 218 446
123: 90 135 170 213 340 436 443 482
124: 26 52 55 95 98 161 225 424
125: 136 217 265 284 296 384 406 424 485
126: 11 28 141 167 172 213 327 493
127: 7 12 27 48 113 185 213 225 246 311 363 422 428 491
128: 5 57 75 94 114 221 271 287 350 356 378 387
129: 38 134 198 397 398 445 466
130: 46 162 181 203 216 241 304 338 455
131: 12 52 92 106 203 261 386 415 434 439
132: 2 7 78 100 146 177 197 203 209 247 278 291 336 360 403 435 438 454 493
133: 3 15 20 44 81 180 222 231 239 246 359 373 377 394 407 452 473
134: 79 89 95 237 297 314 399
135: 46 106 217 232 354 375 392 426 456 495
136: 3 45 57 108 143 169 235 298 375 424 446
137: 9 17 143 161 231 315 328 343
138: 24 34 61 116 187 239 255 267 280 302 342 432 448
139: 19 84 106 202 205 216 260 309 373 375 408 418 456 491
140: 121 182 207 291 327
141: 31 82 223 391 430 461 467 494
142: 13 21 44 60 91 155 164 344 423
143: 22 33 65 86 229 282 403 408 412 431 439 456 460 468
144: 73 132 135 197 237 445 462
145: 71 437 473
146: 3 102 121 126 137 164 184 193 358 430 464 477
147: 22 26 62 63 71 80 97 101 164 188 210 215 233 327 349 398
148: 50 62 161 177 244 292 325 332 371
149: 9 23 59 62 102 105 178 218 248 262 267 291 334 375 461
150: 67 175 208 238 325 380 411 452
151: 56 112 235 279 411 474
152: 18 89 117 311 385 398 399
153: 37 56 75 81 141 206 225 230 263 314 315 322 393 412 495
154: 1 28 188 214 241 302 358 383 434
155: 41 56 74 77 85 114 273 293 295 308 417 442 485 487
156: 36 126 143 244 266 277 279 299 300 417 473 482
157: 12 34 46 84 192 288 306 364 386 457
158: 6 171 176 200 254 255 256 279 291 321 395 408 447
159: 3 64 85 115 136 191 209 260 353 394
160: 13 53 99 109 219 342 444
161: 18 116 184 186 243 268 309 310 315 367 368 397 406 485 497
162: 99 127 181 216 248 264 272 313 323 353 425 428 496
163: 41 145 169 210 373 378 394
164: 27 108 176 189 191 206 310 340 345 372 409 464
165: 54 112 174 206 231 250 276 315 421 472
166: 20 35 294 330 366 377 416
167: 41 116 132 143 211 225 252 321 330 353 367 421 427 429 449 481
168: 20 31 79 98 107 124 193 209 210 238 273 275 310 452
169: 4 13 39 67 193 206 315 334 345 349 382 408 436 467
170: 29 43 68 189 237 296 456
171: 44 64 200 225 228 295 308 383 417 432 472
172: 5 57 98 325 400 455 477 498
173: 94 197 274 318 331 369 388 394 455 466 476
174: 234 340 354 372 383 398
175: 32 127 142 144 240 243 259 420 487
176: 36 48 167 186 201 222 231 497
177: 30 190 192 208 279 281 385 428 450
178: 10 100 166 212 318 337 361 366 401 491
179: 1 30 84 114 157 195 210 218 242 300
180: 32 35 50 149 156 276 337 387 408 413 452 466 483
181: 94 145 148 168 223 292
182: 63 104 190 275 287 329 332 345 436 452
183: 60 83 132 249 269 308 312 362 365
184: 53 81 141 282 447 488
185: 41 48 93 152 191 322 328
186: 32 41 100 142 227 290 398 436
187: 89 114 146 393 450 482 486 491
188: 146 284 338 448
189: 85 87 98 106 139 156 180 195 288 418 421
190: 74 113 121 137 206 255 317 333 359 472
191: 3 24 112 125 174 377 390
192: 5 98 102 112 194 218 241 255 312
193: 13 18 113 128 176 311 353
194: 19 37 105 111 175 213 295 389 417 471
195: 19 31 37 64 157 170 241 341 374 474
196: 87 127 140 186 233 248 253 315 407 455
197: 172 177 273 275 283 328 356 366 394 420 477
198: 117 175 192 230 240 324 332 363 380 429 447
199: 80 107 132 160 191 251 273 279 299 385 438 462
200: 54 95 102 131 150 281 327 360 393 412 429 459 491
201: 17 27 83 94 124 206 250 280 365
202: 19 51 108 252 371 375 417 453
203: 256 269 365 367 400 413 463 489
204: 22 32 109 186 196 381
205: 151 233 284 346 350 455
206: 31 98 101 198 297 467
207: 53 97 99 137 144 224 245 303 351 375
208: 120 219 224 339 388 424 463 490 492
209: 48 55 63 126 237 317 318 320 372 400
210: 26 127 134 241 302 349 457 480
211: 27 80 133 218 276 280 300 325 398 410 411
212: 101 114 129 156 300 336 369 433 450
213: 16 23 82 111 150 266 303 355 414 459 479
214: 28 130 142 152 179 274 290 348 372 381 400 461 470 497
215: 20 39 46 143 155 182 208 213 236 308 344 431 464 479
216: 39 77 116 191 200 254 371 399
217: 44 53 117 118 140 246 301 347 380 487
218: 131 159 265 267 269 303 308 389 461 479
219: 12 243 244 269 270 271 274 289 302 320 362
220: 30 90 132 169 292 309 355 384 388 416 422
221: 20 39 78 79 81 260 414
222: 63 78 103 342 390 445 446 469 470
223: 79 133 174 181 184 188 204 265 347 357 376 407 413 478
224: 7 101 127 135 141 181 191 252 283 353 388 406 466 476
225: 34 43 128 140 196 236 316 356 388 391 419 466 467 487
226: 41 97 128 130 220 225 249 265 277 311 321 339 406 422 454
227: 54 64 82 122 155 159 175 187 208 221 256 269 281 285 319 327 354 355 376 499
228: 87 109 182 224 263 322 367 416 437 470 489
229: 34 89 271 311 361 397 415 424 442 480
230: 11 19 47 67 68 190 192 370 477 479
231: 90 123 164 211 216 230 246 313 316 318 333 377
232: 12 29 114 135 162 196 230 253 389 468 480
233: 10 91 98 162 174 179 235 303 482 495
234: 7 24 54 155 196 200 346 353 419 445 482
235: 103 104 149 170 178 232 244 296 316 454 462
236: 25 163 181 207 212 366 403 461
237: 41 45 99 140 156 379 392 432 490
238: 27 36 248 259 301 302 412 433 463
239: 24 121 136 153 203 234 318 339 416
240: 11 36 116 188 215 234 287 440 455 489 491
241: 78 108 200 272 273 418 425 443 457 497 499
242: 65 89 190 203 268 330 354 384 476
243: 26 89 97 109 140 244 257 271 376 444 456
244: 36 257 317 334 403 414
245: 113 143 279 293 297 382 397 423 493
246: 9 43 65 96 237 397 419 457 462 499
247: 63 66 186 214 259 279 316 338 348 374 377 405 431 469
248: 20 24 25 34 40 75 92 131 151 261 265
249: 62 134 274 275 350 353 382 397 423 459 480 491
250: 4 83 107 187 280 352 451
251: 110 167 183 222 319 337 395 471 494
252: 60 100 161 212 231 235 362 374 471 483
253: 29 134 228 310 332 389 392 433 497
254: 86 96 105 171 233 247 256 290 339 345 417 459
255: 56 174 216 236 283 311
256: 22 117 211 288 314 342 359 368 425 457 458
257: 14 24 261 278 314
258: 84 88 129 135 290 463 490
259: 28 49 153 209 211 272 302 374 404 416 457 461 494
260: 32 151 157 175 180 199 229 234 316 383 399 418 443 486
261: 159 162 179 279 301 330 370 406 408 447
262: 17 20 96 118 232 245 283 338 415 423 455
263: 22 190 270 278 313 325 345 416 429 475
264: 36 85 88 158 243 246 271
265: 93 149 201 253 352 487 499
266: 83 105 169 341 368
267: 49 97 141 336 436 452 485
268: 26 31 197 241 264 287 314 335 399 401 440 475 493
269: 61 90 219 227 236 246 252 349 362 463 490
270: 65 82 134 177 191 429 435 459
271: 82 211 344
272: 11 25 52 141 222 235 246 265 318 390 472
273: 81 176 413 448 454 483 496
274: 51 55 64 101 441
275: 7 65 88 132 233 288 314 377 492
276: 0 10 29 55 307 316 332 362 383
277: 18 120 160 185 310 347 459
278: 68 97 135 202 305 336 345 397 411 474
279: 53 77 97 120 180 208 232 234 277 352 353 376 405 421 487 494
280: 59 93 235 383 419 449
281: 91 128 145 210 260 263 264 420 446 447 466 492 496
282: 21 72 127 166 172 240 323 329 467 482
283: 36 75 79 205 227 245 287 335 346 378 431 462 489
284: 51 58 106 116 134 147 195 235 249 479 482 496
285: 4 36 141 142 191 270 325 403 479 480 499
286: 31 52 138 185 428 429 433 444
287: 157 197 274 283 320 354
288: 4 129 148 151 172 314 359 362 372
289: 58 72 104 174 353 421
290: 16 24 40 47 70 286 320 399 403 446
291: 7 69 103 373 403
292: 9 21 41 51 94 105 222 235 266 291 389
293: 63 110 119 347 384 390
294: 14 28 71 186 343 350 378 384
295: 50 106 228 278 356 371 390 429 464 485
296: 7 29 68 95 112 215 338 346 352 355 357 358 430 434
297: 56 142 211 222 361 391
298: 41 46 50 106 141 153 161 219 254 304 334 366 390 432
299: 49 70 150 210 277 343 346 408 486
300: 43 72 108 211 243 259 296 366 379 381 386 414 417 427 467 484
301: 30 122 127 157 205 328 351 355 395 443
302: 19 72 125 132 178 259 334 474 482
303: 4 77 110 178 203 228 305 360 428 454 469
304: 18 61 73 104 183 275 318 413 417 467
305: 6 55 127 133 158 354 467
306: 18 50 64 260 277 383 415 468
307: 38 68 138 341 409
308: 53 57 84 93 113 138 145 185 210 261 273 359 380
309: 41 76 111 258 284 315 317 357 367 376
310: 92 124 167 185 192 234 238 332 407 432 464
311: 9 14 31 48 106 118 122 130 209 256 271 273 278 315 348 351 369 470 499
312: 45 72 121 163 179 235 301
313: 6 9 64 72 206 221 268 408 432 457
314: 185 228 245 388 407 496
315: 166 218 321 325 338
316: 25 39 200 237 300 315 344 426 469 493
317: 44 53 54 183 184 223 228 265 274 370 487
318: 14 83 107 113 170 178 254 290 463 470 499
319: 136 199 237 284 348 362 385 467
320: 98 122 151 202 247 258 436 491
321: 12 19 26 33 48 105 114 129 140 217 263 277 298 363 460 477 498
322: 8 16 50 51 128 129 182 185 202 287 298 314 477 495 499
323: 18 75 102 144 185 283 445 454
324: 19 29 34 57 59 81 144 199 210 253 350 486 492 495
325: 27 152 163 178 229 231 330 397 446
326: 20 56 93 134 205 233 282 294 309 315 412
327: 35 57 141 142 154 289 318 345 354 375 404 411 464
328: 8 41 42 81 224 325 358 363 397 407 412 443
329: 5 14 99 165 175 205 244 301 455 460 495
330: 51 88 103 138 172 200 259 464 465
331: 250 266 286 407
332: 4 39 84 110 186 191 298 324 330 352 356 394 434 483
333: 50 79 112 131 196 304 307 311 364
334: 38 127 149 182 186 202 214 218 254 321 380 436 469 472 474 480
335: 70 86 92 110 159 245 271 294 383 433
336: 22 26 51 85 191 236 333 369 391 442 456
337: 132 137 163 201 209 227 229 333 386 459 475
338: 8 30 214 223 326 335 412 417 483
339: 16 25 48 87 117 127 230 253 341 372 405 407 408
340: 5 12 34 195 223 297 321 414 432 468 484 489
341: 51 67 106 158 178 181 250 275
342: 5 31 107 130 148 179 192 205 310 336 376
343: 16 162 169 177 220 265 356 360 366 368 375 415 417 443
344: 33 66 81 82 178 221 256 314 358 390 418 486 487 493
345: 30 140 210 266 318 379 447 449
346: 15 75 87 101 106 174 226 349 363 446 466 488
347: 9 44 81 159 182 243 261 296 427 462 494
348: 33 54 60 104 127 141 234 279 345 423 485
349: 84 85 87 160 221 265
350: 39 76 85 91 100 137 204 318 385 393 458 485
351: 17 108 112 172 197 234 257 331 337 349 365 371 442 457
352: 41 60 204 206 211 235 375 384 386 428
353: 27 106 167 215 254 269 275 461 495
354: 45 73 74 218 223 328 365 499
355: 39 62 79 142 211 228 259 315 340 368 449 475
356: 33 147 274 316 477
357: 66 109 110 191 199 273 306 393 403 485
358: 37 103 157 255 281 292 344 439 453 481
359: 24 35 71 348 354 418 435 459 483
360: 33 218 241 317 319 334 375 466
361: 7 49 156 163 182 187 214 216 220 256 385 399 468
362: 11 27 115 119 286 292 360 375 398 438 448 453 485
363: 84 109 131 143 203 352 376 390 431
364: 101 115 156 171 190 231 238 326 411 417 484 490
365: 31 221 235 275 278
366: 52 136 386 431 453
367: 0 50 262 276 339 365 413 422 488
368: 111 120 209 235 275 284 313 317 322 481
369: 66 157 192 194 203 304 332 375 418 440
370: 6 69 183 204 254 257 270 306 325 342 425 487
371: 2 76 80 95 198 226 292 317 340 364 414 418
372: 67 117 119 129 153 168 178 240 328 384 403 458 478
373: 115 172 214 252 324 340 470
374: 24 104 134 168 201 224 274 317 401 402
375: 84 109 193 223 277 278 414 427 435
376: 37 40 79 207 238 394 399 430
377: 106 179 217 272 311 321
378: 2 35 105 184 234 287 332 370 404 406 420 422 495
379: 34 54 107 135 157 219 232 339 364 374 395 426 429
380: 39 55 83 146 154 230 306 387 464 470
381: 24 157 170 173 178 200 280 285 296 297 312 327 348 361 401 415 450
382: 55 144 166 251 270 388 430 465
383: 1 30 65 128 181 324 352 420 428 437 456 491
384: 32 48 94 186 213 223 232 233 284 359 368 369 448
385: 23 41 100 125 127 168 197 256 291 293 303 305 306 313 316 324 330 368 391 414 434 482
386: 53 84 141 175 275 321 334 401 408
387: 13 186 428 471 487
388: 137 189 218 274 289 296 334 449
389: 58 76 160 182 196 242 260 279 378 401 485
390: 46 59 124 182 242 269 316 354 369 395
391: 34 91 135 149 159 199 219 289 307 345 476
392: 2 17 35 89 246 288 316 336 433 452
393: 83 124 144 203 218 238 243 368 387 392 409 444 463
394: 175 207 234 260 296 323 334 404
395: 4 104 114 120 144 153 181 240 267 281 295 343 391 402 406 449 487
396: 119 330 349 406 432 469
397: 68 105 112 126 170 179 196 263 292 305 319
398: 36 62 135 144 173 183 352 382 400
399: 24 69 160 213 295 300 325 330 345 428
400: 14 97 118 209 269 336 433 435 495
401: 284 485
402: 13 89 96 116 173 184 314 322 336 353 404 435 442 444 463 487 498
403: 48 54 131 158 159 171 181 246 389 395 467 499
404: 10 42 79 208 219 245 313 339 377 426 444 495
405: 61 205 237 286 308 463
406: 29 71 111 190 280 368 374 435
407: 11 152 156 251 317 327 338 382 399 460 465 480
408: 120 187 254 272 290 318 323 366 411 424 451 462 486 497
409: 2 21 93 147 189 247 269 442 453 495
410: 15 32 36 37 66 102 134 182 225 274 284 341 494
411: 26 34 53 105 124 293 300 451 452 490
412: 53 73 180 284 335 357 429 440 464 471
413: 14 57 179 198 204 343 346 412
414: 81 82 201 252 289 325 364 424 457 473 497
415: 0 18 34 84 101 232 256 259 263 285 352 363 379 410 481 492
416: 16 126 152 159 183 244 287 302 324 348 471
417: 37 92 112 146 277 285 365 402
418: 7 50 256 303 393 414 425
419: 2 7 55 65 152 208 244 307 431 458
420: 0 7 8 30 172 178 206 216 248 269 270 284 299 384 445 493
421: 51 109 157 209 214 305 312 400 419
422: 43 115 209 302 320 330 337 342 414 442 464
423: 3 134 166 223 227 228 260 266 268 363 411 476 479
424: 16 17 64 79 172 177 183 244 255 286 314 390 449 450 458 479 490
425: 102 175 180 187 313 381 495
426: 38 74 80 102 110 186 215 292 296 336 381 403 494 495
427: 0 4 38 46 241 372 456 460
428: 13 87 93 117 280 285 417 494
429: 14 214 241 273 376 404 433 438 453 475 477 494
430: 124 207 354 384 404 406 464
431: 11 42 52 88 101 117 152 166 214 303 347 348 370 413 481 491
432: 52 118 206 220 231 262 272 366 385 394 429 492
433: 16 33 87 175 193 232 248 343 423
434: 22 97 107 112 211 238 289 356
435: 42 61 111 124 142 159 186 240 344 364 394 395 444 487
436: 293 326 336 351 374
437: 38 50 65 94 116 205 265 330 415 486 492
438: 2 119 198 245 255 283 331 334 486
439: 6 56 84 94 113 239 363 393 424
440: 32 81 97 368
441: 4 11 38 55 75 86 190 216 262 298 312 394
442: 3 17 36 187 353 376 422 480
443: 7 14 95 106 159 178 217 279 337 338 390 422 467
444: 43 59 95 103 180 200 239 274 344 352 395
445: 92 135 169 185 276 310 320 385 407 461
446: 77 192 207 273 313 335 337 389 468 489
447: 29 131 421 471 498 499
448: 31 87 140 289 313 319 423
449: 24 31 113 232 251 275 285 319 331 341 420 446 475 478
450: 2 14 84 98 144 151 180 212 248 277 347 370
451: 58 60 71 80 118 177 198 208 243
452: 27 97 193 337 353 395 479
453: 57 83 101 107 230 235 285 293 307 312
454: 21 60 67 135 149 254 255 351
455: 20 73 172 185 413 456 469 474 485
456: 56 65 83 100 134 211 437
457: 2 19 113 241 314 315 327 359 461 476 490
458: 53 67 120 135 168 267 308 323 332 372 385 422 447
459: 74 83 116 130 134 141 422 440 486
460: 102 105 215 242 294 316 412
461: 6 84 125 134 222 236 248 345 375 377 411
462: 106 134 175 207 258 439 458 498
463: 16 18 179 193 227 257 260 279 383 388 452 499
464: 150 154 180 209 212 276 357 387 423 460
465: 29 64 100 104 113 195 328 341 350 372 379 387 425 438 483
466: 112 114 208 252 422 476 477
467: 186 205 309 377 392
468: 62 93 117 135 144 176 201 363 420
469: 51 215 251 269 308 355 396 466
470: 41 50 68 98 122 174 205 248 262 267 342 343 355 368 432 467 494
471: 12 173 211 271 308 327 336 387 403 437 454
472: 20 93 257 265 286 425
473: 26 138 188 267 309 408
474: 30 112 205 272 290 454
475: 4 74 111 148 158 276 294 349 422
476: 59 94 153 192 196 302 467 486
477: 56 124 178 201 247 325 370 388 396 412 493
478: 64 219 222 239 279 297 401 433 481
479: 78 87 257 258 288 313 331 343 359 398 414 441 443
480: 61 67 109 137 149 221 261 277 302 455 471
481: 54 62 106 154 155 173 390
482: 9 36 42 67 78 79 90 197 204 210 453
483: 15 40 99 131 247 254 308 331 355 389 431 480
484: 15 20 39 47 86 125 140 147 187 274 324 337 339 417 444
485: 263 267 321 325 367 490
486: 54 73 78 82 118 185 209 359 385 395 412
487: 11 52 152 164 188 234 243 300 306 367 451
488: 248 286 321 324 347 368 377
489: 9 93 117 208 235 264 445 470
490: 4 39 130 149 163 209 246 261 284 330 335 339
491: 49 133 143 284 337 350 357 404 419 463
492: 40 71 138 155 187 214 238 268 314 315 362 426 462
493: 44 65 144 201 217 305 321 440 457
494: 36 84 95 119 210 229 290 365 405 473 479
495: 72 101 108 115 140 180 230 280 290 337 462
496: 11 14 84 89 98 157 167 194 209 224 321 334 349 354 383 391 478
497: 78 152 194 422 436 498
498: 31 99 124 166 238 246 270 272 276 366 390 401 426
499: 50 99 183 225 336 438 443 477
