0: 72 9
1: 91 74
2: 41 74
3: 4 94
4: 76 34
5: 64 83
6: 97 84
7: 14 81
8: 44 45
9: 10 54
10: 49 78
11: 59 89


0
0
1
0
0 4 6 2
203
0 5 3
73
0 4
72
0 5
9
0 4 6
106
0 5 3 8 7
122
0 5 3 8
77
0 5 3 8 7 10 9
185
0 5 3 8 7 10
136
0 4 11
148

1 8 5 0
218
1
0
1 11 2
133
1 8 5 3
199
1 11 2 4
174
1 8 5
135
1 11 2 4 6
208
1 8 7
136
1 8
91
1 8 7 10 9
199
1 8 7 10
150
1 11
74

2 4 6 0
159
1
0
2
0
2 9 3
84
2 4
41
2 9 3 8 5
132
2 4 6
75
2 9 3 8 7
133
2 9 3 8
88
2 9
74
2 9 3 8 7 10
147
2 4 11
117

3 8 5 0
131
1
0
3 8 7 2
130
3
0
3 8 7 2 4
171
3 8 5
48
3 8 7 2 4 6
205
3 8 7
49
3 8
4
3 8 7 10 9
112
3 8 7 10
63
3 8 7 2 4 11
247

4 6 0
118
1
0
4 6 2
131
4 6 0 5 3
191
4
0
4 6 0 5
127
4 6
34
4 6 0 5 3 8 7
240
4 6 0 5 3 8
195
4 6 2 9
205
4 11 10
165
4 11
76

5 0
83
1
0
5 3 8 7 2
194
5 3
64
5 0 4
155
5
0
5 0 4 6
189
5 3 8 7
113
5 3 8
68
5 3 8 7 10 9
176
5 3 8 7 10
127
5 0 4 11
231

6 0
84
1
0
6 2
97
6 0 5 3
157
6 2 4
138
6 0 5
93
6
0
6 0 5 3 8 7
206
6 0 5 3 8
161
6 2 9
171
6 0 5 3 8 7 10
220
6 2 4 11
214

7 10 9 3 8 5 0
204
1
0
7 2
81
7 10 9 3
73
7 2 4
122
7 10 9 3 8 5
121
7 2 4 6
156
7
0
7 10 9 3 8
77
7 10 9
63
7 10
14
7 2 4 11
198

8 5 0
127
1
0
8 7 2
126
8 5 3
108
8 7 2 4
167
8 5
44
8 7 2 4 6
201
8 7
45
8
0
8 7 10 9
108
8 7 10
59
8 7 2 4 11
243

9 3 8 5 0
141
1
0
9 2
54
9 3
10
9 2 4
95
9 3 8 5
58
9 2 4 6
129
9 3 8 7
59
9 3 8
14
9
0
9 3 8 7 10
73
9 2 4 11
171

10 9 3 8 5 0
190
1
0
10 9 2
103
10 9 3
59
10 9 2 4
144
10 9 3 8 5
107
10 9 2 4 6
178
10 7
78
10 9 3 8
63
10 9
49
10
0
10 9 2 4 11
220

11 2 4 6 0
218
1
0
11 2
59
11 2 9 3
143
11 2 4
100
11 2 9 3 8 5
191
11 2 4 6
134
11 10 7
167
11 2 9 3 8
147
11 2 9
133
11 10
89
11
0
