0: 50 43
1: 90 67
2: 28 23
3: 93 14
4: 75 60
5: 88 96
6: 96 12
7: 58 65
8: 13 79
9: 59 87
10: 24 85
11: 3 3
12: 37 38


0
0
0 9 6 7 1
58
0 3 12 5 2
0
0 3
0
0 3 12 4
0
0 3 12 5
0
0 9 6
0
0 9 6 7
0
8
0
0 9
0
0 3 12 4 10
0
0 3 12 5 2 11
0
0 3 12
0

0
0
1
0
1 9 6 2
0
1 3
0
1 3 12 4
0
1 3 12 5
0
1 9 6
0
1 9 6 7
0
8
0
1 9
0
1 3 12 4 10
0
1 9 6 2 11
0
1 3 12
0

0
0
2 11 6 7 1
58
2
0
2 11 4 10 3
0
2 11 4
0
2 12 5
0
2 11 6
0
2 11 6 7
0
8
0
2 11 6 7 1 9
58
2 11 4 10
0
2 11
0
2 12
0

0
0
3 12 5 1
88
3 12 5 2
0
3
0
3 12 4
0
3 12 5
0
3 12 5 2 11 6
0
3 12 4 7
0
8
0
3 12 5 1 9
88
3 12 4 10
0
3 12 5 2 11
0
3 12
0

0
0
4 7 1
58
4 10 3 12 5 2
0
4 10 3
0
4
0
4 10 3 12 5
0
4 10 6
0
4 7
0
8
0
4 7 1 9
58
4 10
0
4 10 3 12 5 2 11
0
4 10 3 12
0

0
0
5 1
88
5 2
0
5 1 3
88
5 2 11 4
0
5
0
5 2 11 6
0
5 2 11 6 7
0
8
0
5 1 9
88
5 2 11 4 10
0
5 2 11
0
5 2 12
0

0
0
6 7 1
58
6 2
0
6 7 1 3
58
6 2 11 4
0
6 7 5
0
6
0
6 7
0
8
0
6 7 1 9
58
6 2 11 4 10
0
6 2 11
0
6 2 12
0

0
0
7 1
58
7 5 2
0
7 1 3
58
7 5 2 11 4
0
7 5
0
7 1 9 6
58
7
0
8
0
7 1 9
58
7 5 2 11 4 10
0
7 5 2 11
0
7 1 3 12
58

0
0
8 5 1
88
8 5 2
0
8 10 3
0
8 5 2 11 4
0
8 5
0
8 5 2 11 6
0
8 5 2 11 6 7
0
8
0
8 5 1 9
88
8 10
0
8 5 2 11
0
8 10 3 12
0

0
0
9 6 7 1
58
9 6 2
0
9 12 4 10 3
0
9 12 4
0
9 12 5
0
9 6
0
9 6 7
0
8
0
9
0
9 12 4 10
0
9 6 2 11
0
9 12
0

0
0
10 6 7 1
58
10 3 12 5 2
0
10 3
0
10 3 12 4
0
10 3 12 5
0
10 6
0
10 6 7
0
8
0
10 6 7 1 9
58
10
0
10 3 12 5 2 11
0
10 3 12
0

0
0
11 6 7 1
58
11 6 2
0
11 4 10 3
0
11 4
0
11 6 7 5
0
11 6
0
11 6 7
0
8
0
11 6 7 1 9
58
11 4 10
0
11
0
11 4 10 3 12
0

0
0
12 5 1
88
12 5 2
0
12 4 10 3
0
12 4
0
12 5
0
12 5 2 11 6
0
12 4 7
0
8
0
12 5 1 9
88
12 4 10
0
12 5 2 11
0
12
0
