0: 50 43
1: 67 90
2: 28 23
3: 93 14
4: 60 75
5: 96 88
6: 96 12
7: 65 58
8: 79 13
9: 87 59
10: 24 85
11: 3 3
12: 38 37


0
0
0 9 6 7 1
172
0 9 6 2
198
0 3
50
0 3 12 4
101
0 3 12 5
102
0 9 6
102
0 9 6 7
114
8
0
0 9
43
0 3 12 4 10
161
0 9 6 2 11
226
0 3 12
64

0
0
1
0
1 9 6 2
222
1 3
90
1 3 12 4
141
1 3 12 5
142
1 9 6
126
1 9 6 7
138
8
0
1 9
67
1 3 12 4 10
201
1 9 6 2 11
250
1 3 12
104

0
0
2 11 6 7 1
101
2
0
2 11 4 10 3
115
2 11 4
31
2 12 5
61
2 11 6
31
2 11 6 7
43
8
0
2 11 6 7 1 9
168
2 11 4 10
91
2 11
28
2 12
23

0
0
3 12 5 1
140
3 12 5 2
148
3
0
3 12 4
51
3 12 5
52
3 12 5 2 11 6
179
3 12 4 7
126
8
0
3 12 5 1 9
207
3 12 4 10
111
3 12 5 2 11
176
3 12
14

0
0
4 7 1
133
4 10 3 12 5 2
232
4 10 3
84
4
0
4 10 3 12 5
136
4 10 6
145
4 7
75
8
0
4 7 1 9
200
4 10
60
4 10 3 12 5 2 11
260
4 10 3 12
98

0
0
5 1
88
5 2
96
5 1 3
178
5 2 11 4
127
5
0
5 2 11 6
127
5 2 11 6 7
139
8
0
5 1 9
155
5 2 11 4 10
187
5 2 11
124
5 2 12
119

0
0
6 7 1
70
6 2
96
6 7 1 3
160
6 2 11 4
127
6 7 5
77
6
0
6 7
12
8
0
6 7 1 9
137
6 2 11 4 10
187
6 2 11
124
6 2 12
119

0
0
7 1
58
7 5 2
161
7 1 3
148
7 5 2 11 4
192
7 5
65
7 1 9 6
184
7
0
8
0
7 1 9
125
7 5 2 11 4 10
252
7 5 2 11
189
7 1 3 12
162

0
0
8 5 1
101
8 5 2
109
8 10 3
103
8 5 2 11 4
140
8 5
13
8 5 2 11 6
140
8 5 2 11 6 7
152
8
0
8 5 1 9
168
8 10
79
8 5 2 11
137
8 10 3 12
117

0
0
9 6 7 1
129
9 6 2
155
9 12 4 10 3
208
9 12 4
124
9 12 5
125
9 6
59
9 6 7
71
8
0
9
0
9 12 4 10
184
9 6 2 11
183
9 12
87

0
0
10 6 7 1
155
10 3 12 5 2
172
10 3
24
10 3 12 4
75
10 3 12 5
76
10 6
85
10 6 7
97
8
0
10 6 7 1 9
222
10
0
10 3 12 5 2 11
200
10 3 12
38

0
0
11 6 7 1
73
11 6 2
99
11 4 10 3
87
11 4
3
11 6 7 5
80
11 6
3
11 6 7
15
8
0
11 6 7 1 9
140
11 4 10
63
11
0
11 4 10 3 12
101

0
0
12 5 1
126
12 5 2
134
12 4 10 3
121
12 4
37
12 5
38
12 5 2 11 6
165
12 4 7
112
8
0
12 5 1 9
193
12 4 10
97
12 5 2 11
162
12
0
